frameNumber,components,mse,sizeBytes,genTime,recvTime,delay_ms,receivedOnTime,effectiveError,deadline_ms,cqi
1,70,45.0459,109472,0.026462107,0.244500000,218.037893,0,1050.257266,3.000000,14
2,70,43.452401,109472,0.049147119,0.257000000,207.852881,0,1050.257266,3.000000,14
3,70,43.456201,109472,0.069908885,0.261500000,191.591115,0,1050.257266,3.000000,14
4,70,42.278895,109472,0.090138188,0.270500000,180.361812,0,1050.257266,3.000000,14
5,70,43.608040,109472,0.109785922,0.283000000,173.214078,0,1050.257266,3.000000,14
8,70,39.574989,109472,0.169552400,0.894000000,724.447600,0,1050.257266,3.000000,12
9,70,39.740914,109472,0.188287497,1.007000000,818.712503,0,1050.257266,3.000000,14
10,70,38.279780,109472,0.210192404,1.022500000,812.307596,0,1050.257266,3.000000,14
11,70,39.405526,109472,0.230728175,1.027500000,796.771825,0,1050.257266,3.000000,14
12,70,39.257057,109472,0.250814411,1.036000000,785.185589,0,1050.257266,3.000000,14
13,70,40.971795,109472,0.270049863,1.043500000,773.450137,0,1050.257266,3.000000,14
14,70,38.901131,109472,0.288680797,1.049000000,760.319203,0,1050.257266,3.000000,14
15,70,40.406554,109472,0.308308071,1.055500000,747.191929,0,1050.257266,3.000000,14
16,70,38.882522,109472,0.327884836,1.066500000,738.615164,0,1050.257266,3.000000,14
17,70,41.198685,109472,0.346125197,1.073500000,727.374803,0,1050.257266,3.000000,14
18,70,39.854362,109472,0.366988569,1.079500000,712.511431,0,1050.257266,3.000000,14
19,70,41.787505,109472,0.388011007,1.093000000,704.988993,0,1050.257266,3.000000,14
20,70,41.661855,109472,0.406299105,1.093000000,686.700895,0,1050.257266,3.000000,14
21,70,44.442272,109472,0.427624371,1.100000000,672.375629,0,1050.257266,3.000000,14
22,70,41.689680,109472,0.447128666,1.105000000,657.871334,0,1050.257266,3.000000,14
23,70,44.002013,109472,0.466541446,1.112500000,645.958554,0,1050.257266,3.000000,14
24,70,44.651460,109472,0.486385361,1.129000000,642.614639,0,1050.257266,3.000000,14
52,70,50.351195,109472,1.035554759,1.151000000,115.445241,0,1050.257266,3.000000,14
53,70,48.598890,109472,1.055047510,1.157000000,101.952490,0,1050.257266,3.000000,14
54,70,49.748772,109472,1.073913023,1.162500000,88.586977,0,1050.257266,3.000000,14
55,70,49.282321,109472,1.093112948,1.170500000,77.387052,0,1050.257266,3.000000,14
56,70,51.274025,109472,1.112622716,1.177500000,64.877284,0,1050.257266,3.000000,14
57,70,51.176648,109472,1.132436538,1.182000000,49.563462,0,1050.257266,3.000000,14
58,70,51.115851,109472,1.151884970,1.185500000,33.615030,0,1050.257266,3.000000,14
59,70,52.371732,109472,1.172000248,1.192000000,19.999752,0,1050.257266,3.000000,14
60,70,50.065694,109472,1.190957239,1.196500000,5.542761,0,1050.257266,3.000000,14
61,70,50.280906,109472,1.212488136,1.223500000,11.011864,0,1050.257266,3.000000,14
62,70,49.795977,109472,1.232278049,1.238000000,5.721951,0,1050.257266,3.000000,14
63,70,50.854841,109472,1.250716464,1.256500000,5.783536,0,1050.257266,3.000000,14
64,70,47.821782,109472,1.269245435,1.273500000,4.254565,0,1050.257266,3.000000,14
65,70,46.145306,109472,1.287469947,1.292500000,5.030053,0,1050.257266,3.000000,14
66,70,44.794828,109472,1.308783394,1.357000000,48.216606,0,1050.257266,3.000000,14
67,70,45.185527,109472,1.328474203,1.369500000,41.025797,0,1050.257266,3.000000,14
68,70,42.413765,109472,1.346847075,1.383500000,36.652925,0,1050.257266,3.000000,14
69,70,43.457806,109472,1.366285675,1.387500000,21.214325,0,1050.257266,3.000000,14
70,70,43.210573,109472,1.385019686,1.400000000,14.980314,0,1050.257266,3.000000,14
71,70,45.171426,109472,1.404757319,1.442500000,37.742681,0,1050.257266,3.000000,14
72,70,42.078275,109472,1.425574204,1.458500000,32.925796,0,1050.257266,3.000000,14
73,70,43.117083,109472,1.444156489,1.472500000,28.343511,0,1050.257266,3.000000,14
74,70,43.172928,109472,1.463092305,1.498000000,34.907695,0,1050.257266,3.000000,14
75,70,43.634016,109472,1.483110964,1.525000000,41.889036,0,1050.257266,3.000000,14
76,70,41.899367,109472,1.502464309,1.536500000,34.035691,0,1050.257266,3.000000,14
77,70,43.619085,109472,1.521911108,1.582000000,60.088892,0,1050.257266,3.000000,14
78,70,42.976057,109472,1.541541421,1.708500000,166.958579,0,1050.257266,3.000000,14
79,70,43.582499,109472,1.563892524,1.757500000,193.607476,0,1050.257266,3.000000,14
80,70,43.667234,109472,1.582681428,1.777000000,194.318572,0,1050.257266,3.000000,14
81,70,44.364362,109472,1.600966701,2.013000000,412.033299,0,1050.257266,3.000000,14
82,70,43.390690,109472,1.623344502,2.023500000,400.155498,0,1050.257266,3.000000,14
83,70,43.621483,109472,1.645197621,2.030000000,384.802379,0,1050.257266,3.000000,14
84,70,42.920907,109472,1.667623238,2.035500000,367.876762,0,1050.257266,3.000000,14
85,70,45.284561,109472,1.687702743,2.048000000,360.297257,0,1050.257266,3.000000,14
86,70,43.837904,109472,1.710265453,2.049500000,339.234547,0,1050.257266,3.000000,14
87,70,43.539160,109472,1.729706880,2.057500000,327.793120,0,1050.257266,3.000000,14
88,70,43.204175,109472,1.748143545,2.061500000,313.356455,0,1050.257266,3.000000,14
89,70,43.073547,109472,1.767288917,2.068500000,301.211083,0,1050.257266,3.000000,14
90,70,43.166727,109472,1.785784144,2.075000000,289.215856,0,1050.257266,3.000000,14
91,70,44.834000,109472,1.805422542,2.083500000,278.077458,0,1050.257266,3.000000,14
92,70,44.968261,109472,1.826325796,2.089500000,263.174204,0,1050.257266,3.000000,14
93,70,46.799619,109472,1.845359824,2.097000000,251.640176,0,1050.257266,3.000000,14
94,70,45.001444,109472,1.864100155,2.107500000,243.399845,0,1050.257266,3.000000,14
95,70,45.200347,109472,1.884941708,2.111500000,226.558292,0,1050.257266,3.000000,14
96,70,43.920492,109472,1.904009306,2.125000000,220.990694,0,1050.257266,3.000000,14
97,70,44.864024,109472,1.924262803,2.134000000,209.737197,0,1050.257266,3.000000,14
98,70,43.159791,109472,1.943035150,2.137500000,194.464850,0,1050.257266,3.000000,14
99,70,43.811889,109472,1.962194920,2.153500000,191.305080,0,1050.257266,3.000000,14
102,70,43.521390,109472,2.024957622,2.167000000,142.042378,0,1050.257266,3.000000,14
103,70,42.006799,109472,2.043574903,2.176500000,132.925097,0,1050.257266,3.000000,14
104,70,41.568018,109472,2.062669668,2.189000000,126.330332,0,1050.257266,3.000000,14
105,70,39.872042,109472,2.082583885,2.200000000,117.416115,0,1050.257266,3.000000,14
107,70,41.131288,109472,2.119890320,2.248000000,128.109680,0,1050.257266,3.000000,14
108,70,43.009547,109472,2.139309605,2.248000000,108.690395,0,1050.257266,3.000000,14
109,70,41.283210,109472,2.158671186,2.248000000,89.328814,0,1050.257266,3.000000,14
110,70,42.488931,109472,2.180370931,2.258000000,77.629069,0,1050.257266,3.000000,14
111,70,40.648193,109472,2.199079090,2.262000000,62.920910,0,1050.257266,3.000000,14
112,70,41.394286,109472,2.218080216,2.267500000,49.419784,0,1050.257266,3.000000,14
113,70,39.959763,109472,2.237500337,2.278000000,40.499663,0,1050.257266,3.000000,14
114,70,40.406578,109472,2.256598840,2.285000000,28.401160,0,1050.257266,3.000000,14
115,70,39.897316,109472,2.274949891,2.291000000,16.050109,0,1050.257266,3.000000,14
116,70,41.804246,109472,2.293724440,2.303000000,9.275560,0,1050.257266,3.000000,14
117,70,40.493302,109472,2.313196836,2.331000000,17.803164,0,1050.257266,3.000000,14
118,70,40.596196,109472,2.333228353,2.345500000,12.271647,0,1050.257266,3.000000,14
119,70,39.421241,109472,2.351676717,2.368500000,16.823283,0,1050.257266,3.000000,14
120,70,39.962558,109472,2.370726936,2.394500000,23.773064,0,1050.257266,3.000000,14
121,70,38.994666,109472,2.390364043,2.595000000,204.635957,0,1050.257266,3.000000,13
122,70,39.960541,109472,2.409785606,2.618000000,208.214394,0,1050.257266,3.000000,14
123,70,40.727758,109472,2.430576080,2.620500000,189.923920,0,1050.257266,3.000000,14
124,70,40.971430,109472,2.451205627,2.628500000,177.294373,0,1050.257266,3.000000,14
125,70,38.903380,109472,2.471994507,2.632500000,160.505493,0,1050.257266,3.000000,14
126,70,38.801704,109472,2.494906554,2.640500000,145.593446,0,1050.257266,3.000000,14
127,70,38.741332,109472,2.513545164,2.645500000,131.954836,0,1050.257266,3.000000,14
128,70,39.704531,109472,2.533656988,2.650000000,116.343012,0,1050.257266,3.000000,14
129,70,39.406686,109472,2.553908719,2.654000000,100.091281,0,1050.257266,3.000000,14
130,70,39.801024,109472,2.573572477,2.659500000,85.927523,0,1050.257266,3.000000,14
131,70,39.111816,109472,2.594697876,2.663000000,68.302124,0,1050.257266,3.000000,14
132,70,38.486867,109472,2.613936281,2.671000000,57.063719,0,1050.257266,3.000000,14
133,70,37.907059,109472,2.633613478,2.673000000,39.386522,0,1050.257266,3.000000,14
134,70,35.998115,109472,2.653048871,2.681000000,27.951129,0,1050.257266,3.000000,14
135,70,38.442153,109472,2.676479600,2.686000000,9.520400,0,1050.257266,3.000000,14
136,70,37.655722,109472,2.696974933,2.918500000,221.525067,0,1050.257266,3.000000,14
137,70,38.098936,109472,2.715870841,2.922500000,206.629159,0,1050.257266,3.000000,14
138,70,37.944475,109472,2.737403225,2.936000000,198.596775,0,1050.257266,3.000000,14
139,70,37.933393,109472,2.757811392,2.949000000,191.188608,0,1050.257266,3.000000,14
140,70,37.726122,109472,2.776564430,2.962000000,185.435570,0,1050.257266,3.000000,14
141,70,36.232606,109472,2.794888000,2.968000000,173.112000,0,1050.257266,3.000000,14
142,70,37.355863,109472,2.815678181,2.986500000,170.821819,0,1050.257266,3.000000,14
143,70,35.336750,109472,2.836848924,2.992000000,155.151076,0,1050.257266,3.000000,14
146,70,34.943160,109472,2.898628904,3.057500000,158.871096,0,1050.257266,3.000000,14
147,70,32.679777,109472,2.919338082,3.057500000,138.161918,0,1050.257266,3.000000,14
148,70,34.437334,109472,2.938381390,3.071000000,132.618610,0,1050.257266,3.000000,14
149,70,36.629541,109472,2.960426025,3.072500000,112.073975,0,1050.257266,3.000000,14
150,70,34.758543,109472,2.979336554,3.077000000,97.663446,0,1050.257266,3.000000,14
151,70,36.401093,109472,2.999773570,3.087000000,87.226430,0,1050.257266,3.000000,14
152,70,35.446648,109472,3.018436380,3.099500000,81.063620,0,1050.257266,3.000000,14
153,70,35.496808,109472,3.037331158,3.213000000,175.668842,0,1050.257266,3.000000,14
154,70,34.816408,109472,3.057254961,3.232500000,175.245039,0,1050.257266,3.000000,14
155,70,35.709828,109472,3.076240943,3.252000000,175.759057,0,1050.257266,3.000000,14
156,70,36.272153,109472,3.098454959,3.274000000,175.545041,0,1050.257266,3.000000,14
157,70,38.313703,109472,3.116860748,3.294000000,177.139252,0,1050.257266,3.000000,14
158,70,39.117274,109472,3.137305017,3.562500000,425.194983,0,1050.257266,3.000000,13
159,70,40.942168,109472,3.156112924,4.116500000,960.387076,0,1050.257266,3.000000,14
160,70,39.930605,109472,3.176449561,4.127000000,950.550439,0,1050.257266,3.000000,14
161,70,38.725199,109472,3.196022390,4.131500000,935.477610,0,1050.257266,3.000000,14
162,70,37.609338,109472,3.214457891,4.138500000,924.042109,0,1050.257266,3.000000,14
163,70,37.714303,109472,3.236485738,4.152000000,915.514262,0,1050.257266,3.000000,14
164,70,37.468037,109472,3.256760969,4.163000000,906.239031,0,1050.257266,3.000000,14
165,70,38.481775,109472,3.276080391,4.173000000,896.919609,0,1050.257266,3.000000,14
166,70,37.276085,109472,3.295257210,4.180000000,884.742790,0,1050.257266,3.000000,14
167,70,38.240950,109472,3.314955682,4.189000000,874.044318,0,1050.257266,3.000000,14
168,70,38.440120,109472,3.334035369,4.194500000,860.464631,0,1050.257266,3.000000,14
169,70,38.865374,109472,3.353327856,4.198500000,845.172144,0,1050.257266,3.000000,14
170,70,39.280504,109472,3.372179730,4.212500000,840.320270,0,1050.257266,3.000000,14
171,70,39.334893,109472,3.391367330,4.238500000,847.132670,0,1050.257266,3.000000,14
172,70,38.001144,109472,3.413577967,4.247000000,833.422033,0,1050.257266,3.000000,14
173,70,39.080874,109472,3.433163639,4.270000000,836.836361,0,1050.257266,3.000000,14
174,70,38.152069,109472,3.452096515,4.285000000,832.903485,0,1050.257266,3.000000,14
175,70,36.943567,109472,3.471272009,4.296500000,825.227991,0,1050.257266,3.000000,14
176,70,38.125897,109472,3.490905400,4.296500000,805.594600,0,1050.257266,3.000000,14
209,70,42.970752,109472,4.136716219,4.358500000,221.783781,0,1050.257266,3.000000,14
210,70,43.437013,109472,4.155476355,4.373500000,218.023645,0,1050.257266,3.000000,14
211,70,42.981556,109472,4.173851863,4.380500000,206.648137,0,1050.257266,3.000000,14
212,70,42.794898,109472,4.192587767,4.398000000,205.412233,0,1050.257266,3.000000,14
213,70,45.120697,109472,4.213471357,4.730000000,516.528643,0,1050.257266,3.000000,14
214,70,43.769076,109472,4.232227783,4.736500000,504.272217,0,1050.257266,3.000000,14
215,70,45.940359,109472,4.251247756,4.756000000,504.752244,0,1050.257266,3.000000,14
216,70,47.182724,109472,4.270016826,4.768500000,498.483174,0,1050.257266,3.000000,14
217,70,49.885439,109472,4.290127830,4.816500000,526.372170,0,1050.257266,3.000000,14
218,70,49.294937,109472,4.309920089,4.847500000,537.579911,0,1050.257266,3.000000,14
219,70,48.724423,109472,4.329664174,4.874000000,544.335826,0,1050.257266,3.000000,14
220,70,49.316876,109472,4.348264218,4.881500000,533.235782,0,1050.257266,3.000000,14
221,70,50.621840,109472,4.367659805,4.886000000,518.340195,0,1050.257266,3.000000,14
222,70,50.718027,109472,4.388337221,5.127000000,738.662779,0,1050.257266,3.000000,14
223,70,50.044069,109472,4.406585139,5.158500000,751.914861,0,1050.257266,3.000000,14
224,70,51.310724,109472,4.425025415,5.178000000,752.974585,0,1050.257266,3.000000,14
225,70,53.456207,109472,4.444726396,5.187500000,742.773604,0,1050.257266,3.000000,14
226,70,54.094365,109472,4.466573765,5.204500000,737.926235,0,1050.257266,3.000000,14
227,70,55.633454,109472,4.484834123,5.737500000,1252.665877,0,1050.257266,3.000000,14
228,70,55.547733,109472,4.504152184,5.767500000,1263.347816,0,1050.257266,3.000000,14
229,70,54.610034,109472,4.524684075,5.792500000,1267.815925,0,1050.257266,3.000000,14
240,70,58.725665,109472,4.745474140,5.886500000,1141.025860,0,1050.257266,3.000000,14
241,70,58.010619,109472,4.764750079,5.886500000,1121.749921,0,1050.257266,3.000000,14
242,70,57.947898,109472,4.784455349,5.890500000,1106.044651,0,1050.257266,3.000000,14
247,70,53.797588,109472,4.881954081,6.008500000,1126.545919,0,1050.257266,3.000000,14
248,70,53.541945,109472,4.900892204,6.008500000,1107.607796,0,1050.257266,3.000000,14
262,70,44.295595,109472,5.172578484,6.150500000,977.921516,0,1050.257266,3.000000,14
263,70,45.360838,109472,5.192442948,6.150500000,958.057052,0,1050.257266,3.000000,14
264,70,43.859685,109472,5.211061552,6.150500000,939.438448,0,1050.257266,3.000000,14
294,70,49.886526,109472,5.796391774,6.204000000,407.608226,0,1050.257266,3.000000,14
296,70,49.487818,109472,5.839872259,6.251000000,411.127741,0,1050.257266,3.000000,14
297,70,50.577959,109472,5.858349274,6.284000000,425.650726,0,1050.257266,3.000000,14
298,70,49.375977,109472,5.877932464,6.301000000,423.067536,0,1050.257266,3.000000,14
299,70,50.303912,109472,5.896664453,6.350000000,453.335547,0,1050.257266,3.000000,14
300,70,51.030021,109472,5.917938716,6.356500000,438.561284,0,1050.257266,3.000000,14
301,70,52.335341,109472,5.936999485,6.361500000,424.500515,0,1050.257266,3.000000,14
302,70,51.907478,109472,5.957489863,6.381000000,423.510137,0,1050.257266,3.000000,14
305,70,52.368364,109472,6.016792339,6.466500000,449.707661,0,1050.257266,3.000000,14
306,70,50.579255,109472,6.036248521,6.466500000,430.251479,0,1050.257266,3.000000,14
307,70,50.667366,109472,6.057008151,6.466500000,409.491849,0,1050.257266,3.000000,14
312,70,48.458611,109472,6.156025785,6.494000000,337.974215,0,1050.257266,3.000000,14
313,70,49.056748,109472,6.175302695,6.502500000,327.197305,0,1050.257266,3.000000,14
314,70,47.578512,109472,6.195643616,6.518000000,322.356384,0,1050.257266,3.000000,14
315,70,46.624627,109472,6.214149118,6.529000000,314.850882,0,1050.257266,3.000000,14
316,70,46.083288,109472,6.234199572,6.532000000,297.800428,0,1050.257266,3.000000,14
317,70,47.260009,109472,6.253392427,6.548000000,294.607573,0,1050.257266,3.000000,14
319,70,46.513673,109472,6.291446556,6.575000000,283.553444,0,1050.257266,3.000000,14
323,70,46.180312,109472,6.368512967,6.587000000,218.487033,0,1050.257266,3.000000,14
324,70,45.323734,109472,6.388872789,6.591000000,202.127211,0,1050.257266,3.000000,14
325,70,46.956818,109472,6.408754361,6.600500000,191.745639,0,1050.257266,3.000000,14
327,70,44.565885,109472,6.447675280,6.614000000,166.324720,0,1050.257266,3.000000,14
328,70,45.491801,109472,6.468385894,6.622000000,153.614106,0,1050.257266,3.000000,14
329,70,47.939302,109472,6.488178044,6.643000000,154.821956,0,1050.257266,3.000000,14
330,70,45.757846,109472,6.506650602,6.664500000,157.849398,0,1050.257266,3.000000,14
331,70,47.188321,109472,6.526154859,6.673500000,147.345141,0,1050.257266,3.000000,14
332,70,47.099648,109472,6.547348996,6.686500000,139.151004,0,1050.257266,3.000000,14
333,70,47.806686,109472,6.568380665,6.711500000,143.119335,0,1050.257266,3.000000,14
334,70,48.283696,109472,6.587698226,6.733000000,145.301774,0,1050.257266,3.000000,14
335,70,50.025362,109472,6.607996411,6.752000000,144.003589,0,1050.257266,3.000000,14
336,70,50.069339,109472,6.628418861,6.763000000,134.581139,0,1050.257266,3.000000,14
337,70,48.438319,109472,6.647005315,6.774500000,127.494685,0,1050.257266,3.000000,14
338,70,47.444492,109472,6.667525036,6.785500000,117.974964,0,1050.257266,3.000000,14
339,70,47.386268,109472,6.685863332,6.797000000,111.136668,0,1050.257266,3.000000,14
341,70,48.650320,109472,6.724457027,7.304000000,579.542973,0,1050.257266,3.000000,14
342,70,46.401853,109472,6.743768505,7.304000000,560.231495,0,1050.257266,3.000000,14
343,70,48.073207,109472,6.762301964,7.304000000,541.698036,0,1050.257266,3.000000,14
344,70,45.937438,109472,6.782937167,7.325000000,542.062833,0,1050.257266,3.000000,14
345,70,46.513401,109472,6.801253980,7.359500000,558.246020,0,1050.257266,3.000000,14
346,70,44.350381,109472,6.820811963,7.382000000,561.188037,0,1050.257266,3.000000,14
347,70,45.258359,109472,6.839386152,7.391500000,552.113848,0,1050.257266,3.000000,14
348,70,45.313154,109472,6.860314461,7.411000000,550.685539,0,1050.257266,3.000000,14
349,70,44.213486,109472,6.878939427,7.433500000,554.560573,0,1050.257266,3.000000,14
350,70,43.075890,109472,6.899029636,7.455500000,556.470364,0,1050.257266,3.000000,14
351,70,44.050996,109472,6.919190380,7.486000000,566.809620,0,1050.257266,3.000000,14
352,70,46.293452,109472,6.941898767,7.503000000,561.101233,0,1050.257266,3.000000,14
353,70,43.323718,109472,6.961516209,7.536000000,574.483791,0,1050.257266,3.000000,14
354,70,46.752701,109472,6.981427857,7.579000000,597.572143,0,1050.257266,3.000000,14
355,70,47.246705,109472,7.001518198,9.022500000,2020.981802,0,1050.257266,3.000000,14
356,70,47.080386,109472,7.021154985,9.022500000,2001.345015,0,1050.257266,3.000000,14
357,70,45.974371,109472,7.041114640,9.023000000,1981.885360,0,1050.257266,3.000000,14
368,70,49.320897,109472,7.253949134,9.041500000,1787.550866,0,1050.257266,3.000000,14
369,70,50.556111,109472,7.274669040,9.042500000,1767.830960,0,1050.257266,3.000000,14
374,70,46.151953,109472,7.380182298,9.052000000,1671.817702,0,1050.257266,3.000000,14
375,70,47.535493,109472,7.401560583,9.054500000,1652.939417,0,1050.257266,3.000000,14
376,70,46.337476,109472,7.420865339,9.060000000,1639.134661,0,1050.257266,3.000000,14
377,70,45.284752,109472,7.442504045,9.061500000,1618.995955,0,1050.257266,3.000000,14
378,70,44.710162,109472,7.460937625,9.065000000,1604.062375,0,1050.257266,3.000000,14
457,70,46.528368,109472,9.016795940,9.083000000,66.204060,0,1050.257266,3.000000,14
458,70,45.816723,109472,9.035265026,9.085500000,50.234974,0,1050.257266,3.000000,14
459,70,46.028558,109472,9.054244560,9.089500000,35.255440,0,1050.257266,3.000000,14
460,70,43.991008,109472,9.072543263,9.093000000,20.456737,0,1050.257266,3.000000,14
461,70,44.046411,109472,9.092779858,9.096500000,3.720142,0,1050.257266,3.000000,14
462,70,45.430611,109472,9.112733741,9.128000000,15.266259,0,1050.257266,3.000000,14
463,70,45.604520,109472,9.132124896,9.149500000,17.375104,0,1050.257266,3.000000,14
464,70,45.754208,109472,9.150747776,9.157000000,6.252224,0,1050.257266,3.000000,14
465,70,46.455640,109472,9.169613234,9.179500000,9.886766,0,1050.257266,3.000000,14
466,70,46.954126,109472,9.188307814,9.195500000,7.192186,0,1050.257266,3.000000,14
467,70,50.299755,109472,9.209653021,9.216500000,6.846979,0,1050.257266,3.000000,14
468,70,49.070400,109472,9.230115765,9.236000000,5.884235,0,1050.257266,3.000000,14
469,70,49.969943,109472,9.252181250,9.256000000,3.818750,0,1050.257266,3.000000,14
470,70,50.858998,109472,9.272275523,9.277500000,5.224477,0,1050.257266,3.000000,14
471,70,52.960805,109472,9.291082444,9.295500000,4.417556,0,1050.257266,3.000000,14
472,70,52.289862,109472,9.311863464,9.324500000,12.636536,0,1050.257266,3.000000,14
473,70,53.521253,109472,9.330826626,9.334500000,3.673374,0,1050.257266,3.000000,14
474,70,53.396784,109472,9.350625306,9.356500000,5.874694,0,1050.257266,3.000000,14
475,70,56.024850,109472,9.370588204,9.374500000,3.911796,0,1050.257266,3.000000,14
476,70,52.924944,109472,9.389566832,9.395000000,5.433168,0,1050.257266,3.000000,14
478,70,54.624029,109472,9.431485684,9.489000000,57.514316,0,1050.257266,3.000000,13
479,70,55.549222,109472,9.450059721,9.489000000,38.940279,0,1050.257266,3.000000,13
480,70,53.935543,109472,9.468547976,9.489000000,20.452024,0,1050.257266,3.000000,13
481,70,53.596733,109472,9.486910527,9.492000000,5.089473,0,1050.257266,3.000000,13
482,70,55.788276,109472,9.506749811,9.526000000,19.250189,0,1050.257266,3.000000,13
483,70,55.650953,109472,9.527728644,9.533000000,5.271356,0,1050.257266,3.000000,13
484,70,53.493471,109472,9.546247785,9.554500000,8.252215,0,1050.257266,3.000000,13
485,70,53.164820,109472,9.565753311,9.569500000,3.746689,0,1050.257266,3.000000,13
486,70,52.382034,109472,9.586237695,9.590000000,3.762305,0,1050.257266,3.000000,13
487,70,54.348941,109472,9.604794311,9.620500000,15.705689,0,1050.257266,3.000000,14
488,70,51.639673,109472,9.624389237,9.630000000,5.610763,0,1050.257266,3.000000,14
489,70,52.889922,109472,9.643220658,9.651500000,8.279342,0,1050.257266,3.000000,14
490,70,52.420996,109472,9.663980946,9.672500000,8.519054,0,1050.257266,3.000000,14
491,70,54.440961,109472,9.683322082,9.689000000,5.677918,0,1050.257266,3.000000,14
492,70,53.784835,109472,9.704731273,9.711500000,6.768727,0,1050.257266,3.000000,14
493,70,55.673241,109472,9.724749738,9.734000000,9.250262,0,1050.257266,3.000000,14
494,70,55.013203,109472,9.745258627,9.752500000,7.241373,0,1050.257266,3.000000,14
495,70,55.591610,109472,9.763957971,9.770000000,6.042029,0,1050.257266,3.000000,14
496,70,54.952836,109472,9.782674420,9.796000000,13.325580,0,1050.257266,3.000000,14
497,70,55.155869,109472,9.800998985,9.807000000,6.001015,0,1050.257266,3.000000,14
498,70,56.390528,109472,9.819422538,9.828000000,8.577462,0,1050.257266,3.000000,14
499,70,57.124834,109472,9.840108513,9.846500000,6.391487,0,1050.257266,3.000000,14
500,70,54.579134,109472,9.859266874,9.866000000,6.733126,0,1050.257266,3.000000,14
501,70,54.399111,109472,9.878096680,9.884500000,6.403320,0,1050.257266,3.000000,14
502,70,54.728725,109472,9.897317345,9.904500000,7.182655,0,1050.257266,3.000000,14
503,70,54.559250,109472,9.918214635,9.927500000,9.285365,0,1050.257266,3.000000,14
504,70,53.659238,109472,9.937421876,9.943000000,5.578124,0,1050.257266,3.000000,14
505,70,55.942558,109472,9.957667896,9.963000000,5.332104,0,1050.257266,3.000000,14
506,70,53.780909,109472,9.977627976,9.982000000,4.372024,0,1050.257266,3.000000,14
507,70,55.155094,109472,9.998713221,10.008500000,9.786779,0,1050.257266,3.000000,14
508,70,52.235572,109472,10.018292042,10.025000000,6.707958,0,1050.257266,3.000000,14
509,70,55.244451,109472,10.036927395,10.043000000,6.072605,0,1050.257266,3.000000,14
510,70,54.319385,109472,10.057168413,10.061500000,4.331587,0,1050.257266,3.000000,14
511,70,56.192205,109472,10.076140065,10.080000000,3.859935,0,1050.257266,3.000000,14
512,70,55.082569,109472,10.095226583,10.099500000,4.273417,0,1050.257266,3.000000,14
513,70,55.414020,109472,10.116562285,10.125500000,8.937715,0,1050.257266,3.000000,14
514,70,54.654026,109472,10.135651176,10.140500000,4.848824,0,1050.257266,3.000000,14
515,70,55.108224,109472,10.155253312,10.159500000,4.246688,0,1050.257266,3.000000,14
516,70,55.074076,109472,10.174503424,10.179500000,4.996576,0,1050.257266,3.000000,14
517,70,55.520151,109472,10.193033980,10.197000000,3.966020,0,1050.257266,3.000000,14
519,70,54.239861,109472,10.231317056,10.273000000,41.682944,0,1050.257266,3.000000,13
520,70,51.428154,109472,10.249543745,10.273000000,23.456255,0,1050.257266,3.000000,13
521,70,51.347334,109472,10.267770735,10.276500000,8.729265,0,1050.257266,3.000000,13
522,70,52.352947,109472,10.286633403,10.295500000,8.866597,0,1050.257266,3.000000,13
523,70,54.460121,109472,10.305906422,10.321500000,15.593578,0,1050.257266,3.000000,13
524,70,54.502783,109472,10.324391419,10.330500000,6.108581,0,1050.257266,3.000000,13
525,70,54.638495,109472,10.342993543,10.354000000,11.006457,0,1050.257266,3.000000,13
526,70,54.607937,109472,10.361380095,10.365500000,4.119905,0,1050.257266,3.000000,13
527,70,56.168981,109472,10.379859174,10.385000000,5.140826,0,1050.257266,3.000000,13
528,70,56.216665,109472,10.399925836,10.406500000,6.574164,0,1050.257266,3.000000,13
529,70,57.965514,109472,10.419431979,10.433500000,14.068021,0,1050.257266,3.000000,14
530,70,57.384834,109472,10.439314297,10.443000000,3.685703,0,1050.257266,3.000000,14
531,70,58.775935,109472,10.457681219,10.468500000,10.818781,0,1050.257266,3.000000,14
532,70,56.847970,109472,10.479080665,10.486500000,7.419335,0,1050.257266,3.000000,14
533,70,59.375522,109472,10.498207689,10.502000000,3.792311,0,1050.257266,3.000000,14
534,70,58.845119,109472,10.517781076,10.524500000,6.718924,0,1050.257266,3.000000,14
535,70,58.806081,109472,10.536288604,10.542000000,5.711396,0,1050.257266,3.000000,14
536,70,57.684830,109472,10.557032762,10.565000000,7.967238,0,1050.257266,3.000000,14
537,70,57.875131,109472,10.576358275,10.580500000,4.141725,0,1050.257266,3.000000,14
538,70,56.952479,109472,10.597930077,10.604500000,6.569923,0,1050.257266,3.000000,14
541,70,57.118392,109472,10.656789281,10.724500000,67.710719,0,1050.257266,3.000000,14
542,70,54.215996,109472,10.676381882,10.724500000,48.118118,0,1050.257266,3.000000,14
543,70,55.084195,109472,10.697436199,10.724500000,27.063801,0,1050.257266,3.000000,14
545,70,55.236016,109472,10.741325851,10.801000000,59.674149,0,1050.257266,3.000000,14
548,70,50.586144,109472,10.798819277,10.881500000,82.680723,0,1050.257266,3.000000,14
549,70,53.204286,109472,10.817109537,10.881500000,64.390463,0,1050.257266,3.000000,14
550,70,51.958252,109472,10.838523263,10.881500000,42.976737,0,1050.257266,3.000000,14
551,70,50.837354,109472,10.858172809,10.881500000,23.327191,0,1050.257266,3.000000,14
552,70,50.694478,109472,10.878087927,10.882500000,4.412073,0,1050.257266,3.000000,14
553,70,50.892271,109472,10.896645808,10.902500000,5.854192,0,1050.257266,3.000000,14
554,70,47.691572,109472,10.915001869,10.927500000,12.498131,0,1050.257266,3.000000,14
555,70,48.479903,109472,10.934016984,10.941000000,6.983016,0,1050.257266,3.000000,14
556,70,48.460476,109472,10.956502939,10.960000000,3.497061,0,1050.257266,3.000000,14
557,70,51.277503,109472,10.976313974,10.982000000,5.686026,0,1050.257266,3.000000,14
558,70,49.896458,109472,10.995450777,10.999500000,4.049223,0,1050.257266,3.000000,14
559,70,50.746108,109472,11.013937149,11.023500000,9.562851,0,1050.257266,3.000000,14
560,70,48.687810,109472,11.033990259,11.038000000,4.009741,0,1050.257266,3.000000,14
561,70,50.353732,109472,11.052502316,11.057500000,4.997684,0,1050.257266,3.000000,14
562,70,49.898881,109472,11.071818305,11.080000000,8.181695,0,1050.257266,3.000000,14
563,70,50.450624,109472,11.092473710,11.097500000,5.026290,0,1050.257266,3.000000,14
564,70,52.187956,109472,11.111802878,11.123000000,11.197122,0,1050.257266,3.000000,14
565,70,51.469883,109472,11.132804054,11.137500000,4.695946,0,1050.257266,3.000000,14
566,70,50.455759,109472,11.157161388,11.160500000,3.338612,0,1050.257266,3.000000,14
567,70,50.982696,109472,11.176616669,11.180500000,3.883331,0,1050.257266,3.000000,14
568,70,48.706939,109472,11.195283527,11.198500000,3.216473,0,1050.257266,3.000000,14
569,70,50.125029,109472,11.213774142,11.224500000,10.725858,0,1050.257266,3.000000,15
570,70,49.422958,109472,11.232515751,11.236000000,3.484249,0,1050.257266,3.000000,15
571,70,50.359067,109472,11.251352183,11.254500000,3.147817,0,1050.257266,3.000000,15
572,70,47.954307,109472,11.273530426,11.277000000,3.469574,0,1050.257266,3.000000,15
573,70,49.717401,109472,11.293793761,11.297000000,3.206239,0,1050.257266,3.000000,15
574,70,49.826428,109472,11.314549291,11.319000000,4.450709,0,1050.257266,3.000000,15
575,70,50.995565,109472,11.333819577,11.337000000,3.180423,0,1050.257266,3.000000,15
576,70,48.679288,109472,11.354065349,11.357500000,3.434651,0,1050.257266,3.000000,15
577,70,46.198778,109472,11.374196067,11.377500000,3.303933,0,1050.257266,3.000000,15
578,70,45.947921,109472,11.392605280,11.396000000,3.394720,0,1050.257266,3.000000,15
579,70,47.536367,109472,11.411546729,11.415000000,3.453271,0,1050.257266,3.000000,15
580,70,45.703996,109472,11.430123780,11.434000000,3.876220,0,1050.257266,3.000000,14
581,70,44.156587,109472,11.449378145,11.454500000,5.121855,0,1050.257266,3.000000,14
582,70,43.494093,109472,11.470522398,11.476500000,5.977602,0,1050.257266,3.000000,14
583,70,46.999058,109472,11.488826541,11.495500000,6.673459,0,1050.257266,3.000000,14
584,70,44.448666,109472,11.507759973,11.516500000,8.740027,0,1050.257266,3.000000,14
585,70,46.450585,109472,11.528914246,11.532500000,3.585754,0,1050.257266,3.000000,14
586,70,44.216017,109472,11.548389253,11.553000000,4.610747,0,1050.257266,3.000000,14
587,70,47.258351,109472,11.567464036,11.571000000,3.535964,0,1050.257266,3.000000,14
588,70,44.646060,109472,11.587736930,11.593000000,5.263070,0,1050.257266,3.000000,14
589,70,45.627315,109472,11.609106053,11.614500000,5.393947,0,1050.257266,3.000000,14
590,70,44.715439,109472,11.628239500,11.631500000,3.260500,0,1050.257266,3.000000,14
591,70,46.450168,109472,11.648599473,11.652500000,3.900527,0,1050.257266,3.000000,14
592,70,43.715787,109472,11.667898737,11.671000000,3.101263,0,1050.257266,3.000000,14
593,70,42.523759,109472,11.688561698,11.692000000,3.438302,0,1050.257266,3.000000,14
594,70,40.037153,109472,11.709378806,11.725500000,16.121194,0,1050.257266,3.000000,14
595,70,41.547731,109472,11.729110321,11.733000000,3.889679,0,1050.257266,3.000000,14
596,70,38.151530,109472,11.749442981,11.754000000,4.557019,0,1050.257266,3.000000,14
597,70,39.815704,109472,11.768269867,11.772000000,3.730133,0,1050.257266,3.000000,14
598,70,39.279137,109472,11.786505232,11.791500000,4.994768,0,1050.257266,3.000000,14
599,70,41.850031,109472,11.806483828,11.810500000,4.016172,0,1050.257266,3.000000,14
600,70,41.028177,109472,11.825188511,11.829000000,3.811489,0,1050.257266,3.000000,14
601,70,42.178395,109472,11.844638136,11.851000000,6.361864,0,1050.257266,3.000000,14
602,70,42.225666,109472,11.865921975,11.870000000,4.078025,0,1050.257266,3.000000,14
603,70,42.521641,109472,11.884684562,11.888000000,3.315438,0,1050.257266,3.000000,14
604,70,40.667354,109472,11.903246217,11.909500000,6.253783,0,1050.257266,3.000000,14
605,70,40.800780,109472,11.921810352,11.926500000,4.689648,0,1050.257266,3.000000,14
606,70,39.196589,109472,11.940180665,11.944000000,3.819335,0,1050.257266,3.000000,14
607,70,39.171116,109472,11.960607662,11.965000000,4.392338,0,1050.257266,3.000000,14
608,70,36.697052,109472,11.980253403,11.983500000,3.246597,0,1050.257266,3.000000,14
609,70,37.814319,109472,11.998739137,12.002000000,3.260863,0,1050.257266,3.000000,14
611,70,34.565993,109472,12.037268731,12.121500000,84.231269,0,1050.257266,3.000000,14
612,70,34.112314,109472,12.056140208,12.121500000,65.359792,0,1050.257266,3.000000,14
613,70,33.357091,109472,12.076979422,12.121500000,44.520578,0,1050.257266,3.000000,14
614,70,34.435125,109472,12.097061329,12.121500000,24.438671,0,1050.257266,3.000000,14
615,70,32.419814,109472,12.115596873,12.124500000,8.903127,0,1050.257266,3.000000,14
616,70,33.258519,109472,12.135541883,12.139000000,3.458117,0,1050.257266,3.000000,14
617,70,34.415264,109472,12.157171843,12.161000000,3.828157,0,1050.257266,3.000000,14
618,70,34.062476,109472,12.178400137,12.181500000,3.099863,0,1050.257266,3.000000,14
619,70,35.168237,109472,12.199588013,12.203000000,3.411987,0,1050.257266,3.000000,14
620,70,34.751915,109472,12.219128286,12.226000000,6.871714,0,1050.257266,3.000000,14
621,70,37.485410,109472,12.238443927,12.241500000,3.056073,0,1050.257266,3.000000,14
622,70,35.123856,109472,12.257491191,12.261000000,3.508809,0,1050.257266,3.000000,14
623,70,35.239008,109472,12.280812270,12.284000000,3.187730,0,1050.257266,3.000000,14
624,70,34.972923,109472,12.299240818,12.302500000,3.259182,0,1050.257266,3.000000,14
625,70,36.985526,109472,12.320499155,12.326500000,6.000845,0,1050.257266,3.000000,14
626,70,37.039756,109472,12.340591010,12.344000000,3.408990,0,1050.257266,3.000000,14
627,70,37.333609,109472,12.361203076,12.364500000,3.296924,0,1050.257266,3.000000,14
628,70,37.783481,109472,12.380409061,12.383500000,3.090939,0,1050.257266,3.000000,14
629,70,39.759125,109472,12.398844498,12.402000000,3.155502,0,1050.257266,3.000000,14
631,70,43.135281,109472,12.442731472,12.523000000,80.268528,0,1050.257266,3.000000,14
632,70,42.275854,109472,12.461236813,12.523000000,61.763187,0,1050.257266,3.000000,14
633,70,42.542912,109472,12.479567826,12.523000000,43.432174,0,1050.257266,3.000000,14
634,70,42.400056,109472,12.498778986,12.523000000,24.221014,0,1050.257266,3.000000,14
635,70,44.141372,109472,12.519914199,12.525500000,5.585801,0,1050.257266,3.000000,14
636,70,40.708884,109472,12.540842650,12.544000000,3.157350,0,1050.257266,3.000000,14
637,70,39.853373,109472,12.560873261,12.564000000,3.126739,0,1050.257266,3.000000,14
638,70,38.323975,109472,12.579501863,12.583000000,3.498137,0,1050.257266,3.000000,14
639,70,38.570951,109472,12.600294111,12.604000000,3.705889,0,1050.257266,3.000000,14
640,70,35.632932,109472,12.620195045,12.629000000,8.804955,0,1050.257266,3.000000,13
641,70,36.165518,109472,12.640137483,12.644000000,3.862517,0,1050.257266,3.000000,13
642,70,35.410967,109472,12.660027390,12.664000000,3.972610,0,1050.257266,3.000000,13
643,70,35.971946,109472,12.680647850,12.687500000,6.852150,0,1050.257266,3.000000,13
644,70,34.093785,109472,12.699879817,12.705500000,5.620183,0,1050.257266,3.000000,13
645,70,33.722599,109472,12.721695006,12.727500000,5.804994,0,1050.257266,3.000000,13
646,70,34.022847,109472,12.741156851,12.749500000,8.343149,0,1050.257266,3.000000,13
647,70,35.698226,109472,12.763200089,12.767000000,3.799911,0,1050.257266,3.000000,13
648,70,35.537220,109472,12.782319907,12.787500000,5.180093,0,1050.257266,3.000000,13
649,70,36.848758,109472,12.803192588,12.807000000,3.807412,0,1050.257266,3.000000,13
650,70,37.800775,109472,12.822026373,12.828500000,6.473627,0,1050.257266,3.000000,14
651,70,41.547691,109472,12.841148523,12.844500000,3.351477,0,1050.257266,3.000000,14
652,70,40.956091,109472,12.861472427,12.865000000,3.527573,0,1050.257266,3.000000,14
653,70,43.921189,109472,12.880643005,12.884500000,3.856995,0,1050.257266,3.000000,14
654,70,43.570111,109472,12.899838559,12.903000000,3.161441,0,1050.257266,3.000000,14
655,70,45.999272,109472,12.920022423,12.923500000,3.477577,0,1050.257266,3.000000,14
656,70,45.864541,109472,12.940382500,12.944000000,3.617500,0,1050.257266,3.000000,14
657,70,46.198158,109472,12.960003692,12.963500000,3.496308,0,1050.257266,3.000000,14
658,70,48.504134,109472,12.978621816,12.982000000,3.378184,0,1050.257266,3.000000,14
659,70,45.961260,109472,12.997149356,13.002000000,4.850644,0,1050.257266,3.000000,14
660,70,46.291620,109472,13.016018267,13.026000000,9.981733,0,1050.257266,3.000000,14
661,70,45.586839,109472,13.036652962,13.042000000,5.347038,0,1050.257266,3.000000,14
662,70,48.576452,109472,13.054922070,13.058500000,3.577930,0,1050.257266,3.000000,14
663,70,46.369182,109472,13.075094469,13.079000000,3.905531,0,1050.257266,3.000000,14
664,70,46.863886,109472,13.095486858,13.099500000,4.013142,0,1050.257266,3.000000,14
665,70,45.297161,109472,13.114723279,13.123500000,8.776721,0,1050.257266,3.000000,14
666,70,45.942426,109472,13.133277124,13.137000000,3.722876,0,1050.257266,3.000000,14
667,70,44.154372,109472,13.154724741,13.158500000,3.775259,0,1050.257266,3.000000,14
668,70,44.964911,109472,13.174815763,13.179000000,4.184237,0,1050.257266,3.000000,14
669,70,45.752041,109472,13.194156341,13.198500000,4.343659,0,1050.257266,3.000000,14
670,70,47.795430,109472,13.215095051,13.225000000,9.904949,0,1050.257266,3.000000,14
671,70,46.070132,109472,13.238550955,13.242500000,3.949045,0,1050.257266,3.000000,14
672,70,46.565667,109472,13.257158056,13.261500000,4.341944,0,1050.257266,3.000000,14
673,70,48.165289,109472,13.278200043,13.282500000,4.299957,0,1050.257266,3.000000,14
674,70,49.063070,109472,13.301362390,13.305500000,4.137610,0,1050.257266,3.000000,14
675,70,49.196089,109472,13.320732227,13.330000000,9.267773,0,1050.257266,3.000000,14
676,70,50.096013,109472,13.343395172,13.350000000,6.604828,0,1050.257266,3.000000,14
677,70,53.789571,109472,13.363277463,13.367000000,3.722537,0,1050.257266,3.000000,14
678,70,52.751645,109472,13.381507554,13.385500000,3.992446,0,1050.257266,3.000000,14
679,70,53.741498,109472,13.401315733,13.405500000,4.184267,0,1050.257266,3.000000,14
681,70,53.293892,109472,13.438507925,13.522000000,83.492075,0,1050.257266,3.000000,14
682,70,52.391912,109472,13.459788323,13.522000000,62.211677,0,1050.257266,3.000000,14
683,70,52.111268,109472,13.478238862,13.522000000,43.761138,0,1050.257266,3.000000,14
684,70,51.431988,109472,13.496679627,13.522000000,25.320373,0,1050.257266,3.000000,14
685,70,51.498935,109472,13.515546841,13.527000000,11.453159,0,1050.257266,3.000000,14
686,70,47.330042,109472,13.534465041,13.538000000,3.534959,0,1050.257266,3.000000,14
687,70,45.685509,109472,13.553281189,13.556500000,3.218811,0,1050.257266,3.000000,14
688,70,46.527423,109472,13.572342486,13.577000000,4.657514,0,1050.257266,3.000000,14
689,70,42.970889,109472,13.590999260,13.594500000,3.500740,0,1050.257266,3.000000,14
690,70,44.832774,109472,13.610399568,13.617000000,6.600432,0,1050.257266,3.000000,14
691,70,44.669569,109472,13.632401885,13.637000000,4.598115,0,1050.257266,3.000000,14
692,70,44.739185,109472,13.651475474,13.655500000,4.024526,0,1050.257266,3.000000,14
693,70,43.921751,109472,13.669716959,13.675000000,5.283041,0,1050.257266,3.000000,14
694,70,45.030342,109472,13.690599349,13.694500000,3.900651,0,1050.257266,3.000000,14
695,70,45.246039,109472,13.710900482,13.717500000,6.599518,0,1050.257266,3.000000,14
696,70,46.164885,109472,13.729197251,13.734000000,4.802749,0,1050.257266,3.000000,14
697,70,43.710021,109472,13.749008009,13.753000000,3.991991,0,1050.257266,3.000000,14
698,70,43.610691,109472,13.768030132,13.775500000,7.469868,0,1050.257266,3.000000,14
699,70,43.560533,109472,13.790888561,13.794000000,3.111439,0,1050.257266,3.000000,14
700,70,46.739004,109472,13.810608524,13.818000000,7.391476,0,1050.257266,3.000000,14
701,70,47.564095,109472,13.829570260,13.833000000,3.429740,0,1050.257266,3.000000,14
702,70,49.203919,109472,13.849264788,13.853500000,4.235212,0,1050.257266,3.000000,14
703,70,49.194889,109472,13.872245551,13.875500000,3.254449,0,1050.257266,3.000000,14
704,70,47.254150,109472,13.891033512,13.896000000,4.966488,0,1050.257266,3.000000,14
705,70,47.034757,109472,13.910871106,13.916500000,5.628894,0,1050.257266,3.000000,14
706,70,47.076558,109472,13.929520783,13.933000000,3.479217,0,1050.257266,3.000000,14
707,70,46.055212,109472,13.949453527,13.952500000,3.046473,0,1050.257266,3.000000,14
708,70,46.830971,109472,13.967679871,13.972000000,4.320129,0,1050.257266,3.000000,14
709,70,46.481253,109472,13.986699873,13.990000000,3.300127,0,1050.257266,3.000000,14
710,70,47.931004,109472,14.006358088,14.012000000,5.641912,0,1050.257266,3.000000,14
711,70,48.063505,109472,14.028366678,14.033500000,5.133322,0,1050.257266,3.000000,14
712,70,49.192227,109472,14.048281027,14.053000000,4.718973,0,1050.257266,3.000000,14
713,70,47.618820,109472,14.066662526,14.070000000,3.337474,0,1050.257266,3.000000,14
714,70,47.389416,109472,14.085415002,14.088500000,3.084998,0,1050.257266,3.000000,14
715,70,47.792252,109472,14.105559751,14.109000000,3.440249,0,1050.257266,3.000000,14
716,70,47.579742,109472,14.123832450,14.129000000,5.167550,0,1050.257266,3.000000,14
717,70,45.503493,109472,14.143918227,14.147500000,3.581773,0,1050.257266,3.000000,14
718,70,46.243909,109472,14.162682909,14.166500000,3.817091,0,1050.257266,3.000000,14
719,70,46.568558,109472,14.182004086,14.185500000,3.495914,0,1050.257266,3.000000,14
720,70,48.276295,109472,14.200345773,14.207000000,6.654227,0,1050.257266,3.000000,14
721,70,48.644690,109472,14.221135532,14.227000000,5.864468,0,1050.257266,3.000000,14
722,70,47.957530,109472,14.240671721,14.244000000,3.328279,0,1050.257266,3.000000,14
723,70,48.812867,109472,14.261521669,14.268000000,6.478331,0,1050.257266,3.000000,14
724,70,49.389823,109472,14.280139993,14.283500000,3.360007,0,1050.257266,3.000000,14
725,70,51.405950,109472,14.300559546,14.304000000,3.440454,0,1050.257266,3.000000,14
726,70,51.242730,109472,14.319308193,14.325500000,6.191807,0,1050.257266,3.000000,14
727,70,52.772299,109472,14.338558877,14.342000000,3.441123,0,1050.257266,3.000000,14
728,70,51.838781,109472,14.357488650,14.364000000,6.511350,0,1050.257266,3.000000,14
729,70,55.121014,109472,14.376363036,14.379500000,3.136964,0,1050.257266,3.000000,14
730,70,51.806466,109472,14.395782934,14.399000000,3.217066,0,1050.257266,3.000000,14
731,70,51.890032,109472,14.414546564,14.420500000,5.953436,0,1050.257266,3.000000,14
732,70,51.280165,109472,14.436976802,14.440500000,3.523198,0,1050.257266,3.000000,14
733,70,53.727495,109472,14.456392049,14.459500000,3.107951,0,1050.257266,3.000000,14
734,70,52.280143,109472,14.477802373,14.481000000,3.197627,0,1050.257266,3.000000,14
735,70,53.322783,109472,14.497277088,14.500500000,3.222912,0,1050.257266,3.000000,14
736,70,55.506930,109472,14.517471416,14.522500000,5.028584,0,1050.257266,3.000000,14
737,70,57.654545,109472,14.535887014,14.539000000,3.112986,0,1050.257266,3.000000,14
738,70,56.681054,109472,14.554134828,14.557500000,3.365172,0,1050.257266,3.000000,14
739,70,57.895568,109472,14.572728052,14.576500000,3.771948,0,1050.257266,3.000000,14
740,70,59.499093,109472,14.591323432,14.595500000,4.176568,0,1050.257266,3.000000,14
741,70,60.966421,109472,14.609873466,14.616000000,6.126534,0,1050.257266,3.000000,14
742,70,60.336585,109472,14.632820403,14.636500000,3.679597,0,1050.257266,3.000000,14
743,70,61.371446,109472,14.654205811,14.658000000,3.794189,0,1050.257266,3.000000,14
744,70,61.191814,109472,14.672769002,14.676500000,3.730998,0,1050.257266,3.000000,14
745,70,60.477895,109472,14.691023070,14.695000000,3.976930,0,1050.257266,3.000000,14
746,70,57.585010,109472,14.710098143,14.716500000,6.401857,0,1050.257266,3.000000,14
747,70,57.934164,109472,14.730412290,14.733500000,3.087710,0,1050.257266,3.000000,14
748,70,54.115822,109472,14.750633737,14.755500000,4.866263,0,1050.257266,3.000000,14
749,70,55.724557,109472,14.768881890,14.772000000,3.118110,0,1050.257266,3.000000,14
750,70,56.103155,109472,14.790723514,14.794000000,3.276486,0,1050.257266,3.000000,14
751,70,56.303960,109472,14.809346348,14.812500000,3.153652,0,1050.257266,3.000000,14
752,70,55.150241,109472,14.829042575,14.837500000,8.457425,0,1050.257266,3.000000,14
753,70,55.729922,109472,14.848645745,14.852000000,3.354255,0,1050.257266,3.000000,14
754,70,51.463272,109472,14.867555758,14.871000000,3.444242,0,1050.257266,3.000000,14
755,70,53.775658,109472,14.886256969,14.889500000,3.243031,0,1050.257266,3.000000,14
756,70,53.603915,109472,14.905315213,14.911500000,6.184787,0,1050.257266,3.000000,14
757,70,54.405059,109472,14.924786249,14.933500000,8.713751,0,1050.257266,3.000000,14
758,70,51.557679,109472,14.943734814,14.947000000,3.265186,0,1050.257266,3.000000,14
759,70,52.951171,109472,14.965554095,14.969000000,3.445905,0,1050.257266,3.000000,14
760,70,50.648835,109472,14.984264044,14.987500000,3.235956,0,1050.257266,3.000000,14
761,70,48.836322,109472,15.004787734,15.008000000,3.212266,0,1050.257266,3.000000,14
762,70,46.990059,109472,15.024143182,15.030000000,5.856818,0,1050.257266,3.000000,14
763,70,47.247148,109472,15.043686479,15.047000000,3.313521,0,1050.257266,3.000000,14
764,70,44.512631,109472,15.062823895,15.069000000,6.176105,0,1050.257266,3.000000,14
765,70,44.350276,109472,15.082507027,15.086000000,3.492973,0,1050.257266,3.000000,14
766,70,42.646565,109472,15.102660019,15.106000000,3.339981,0,1050.257266,3.000000,14
767,70,44.213561,109472,15.123797247,15.129000000,5.202753,0,1050.257266,3.000000,14
768,70,44.512022,109472,15.142324919,15.145500000,3.175081,0,1050.257266,3.000000,14
769,70,46.257382,109472,15.161463442,15.165000000,3.536558,0,1050.257266,3.000000,14
770,70,46.509741,109472,15.180487778,15.184000000,3.512222,0,1050.257266,3.000000,14
771,70,47.858485,109472,15.201158256,15.204500000,3.341744,0,1050.257266,3.000000,14
772,70,46.616923,109472,15.221594849,15.228000000,6.405151,0,1050.257266,3.000000,14
773,70,47.523890,109472,15.240556039,15.246500000,5.943961,0,1050.257266,3.000000,14
774,70,46.635846,109472,15.259472449,15.263000000,3.527551,0,1050.257266,3.000000,14
775,70,47.240819,109472,15.279689929,15.286000000,6.310071,0,1050.257266,3.000000,14
776,70,45.111892,109472,15.300293236,15.309000000,8.706764,0,1050.257266,3.000000,14
777,70,45.234679,109472,15.320281841,15.325500000,5.218159,0,1050.257266,3.000000,14
778,70,42.547219,109472,15.338987508,15.342500000,3.512492,0,1050.257266,3.000000,14
779,70,43.587191,109472,15.359906349,15.363000000,3.093651,0,1050.257266,3.000000,14
780,70,40.872244,109472,15.380265320,15.383500000,3.234680,0,1050.257266,3.000000,14
781,70,40.298822,109472,15.401796690,15.405000000,3.203310,0,1050.257266,3.000000,14
782,70,40.239070,109472,15.421540831,15.427500000,5.959169,0,1050.257266,3.000000,14
783,70,41.550822,109472,15.441518766,15.445000000,3.481234,0,1050.257266,3.000000,14
784,70,38.184479,109472,15.461963346,15.465500000,3.536654,0,1050.257266,3.000000,14
785,70,37.433886,109472,15.480283279,15.483500000,3.216721,0,1050.257266,3.000000,14
786,70,36.771617,109472,15.499230830,15.502500000,3.269170,0,1050.257266,3.000000,14
787,70,37.452524,109472,15.521921581,15.527000000,5.078419,0,1050.257266,3.000000,14
788,70,35.103750,109472,15.540697386,15.544000000,3.302614,0,1050.257266,3.000000,14
789,70,35.450776,109472,15.560222294,15.563500000,3.277706,0,1050.257266,3.000000,14
790,70,34.430554,109472,15.579094700,15.582500000,3.405300,0,1050.257266,3.000000,14
791,70,35.902678,109472,15.602646006,15.606000000,3.353994,0,1050.257266,3.000000,14
792,70,33.618668,109472,15.623956829,15.629500000,5.543171,0,1050.257266,3.000000,14
793,70,34.885308,109472,15.643877713,15.647000000,3.122287,0,1050.257266,3.000000,14
794,70,33.229155,109472,15.665222365,15.668500000,3.277635,0,1050.257266,3.000000,14
795,70,32.950920,109472,15.684222106,15.687500000,3.277894,0,1050.257266,3.000000,14
796,70,31.968578,109472,15.705755677,15.709000000,3.244323,0,1050.257266,3.000000,14
797,70,33.464561,109472,15.725509888,15.731500000,5.990112,0,1050.257266,3.000000,14
798,70,32.085937,109472,15.748161380,15.751500000,3.338620,0,1050.257266,3.000000,14
799,70,32.440311,109472,15.769778975,15.773000000,3.221025,0,1050.257266,3.000000,14
800,70,31.979097,109472,15.790828928,15.794000000,3.171072,0,1050.257266,3.000000,14
801,70,31.724879,109472,15.809270995,15.812500000,3.229005,0,1050.257266,3.000000,14
802,70,31.999232,109472,15.828584732,15.837000000,8.415268,0,1050.257266,3.000000,14
803,70,32.482484,109472,15.847035697,15.850500000,3.464303,0,1050.257266,3.000000,14
804,70,30.997125,109472,15.866032406,15.869500000,3.467594,0,1050.257266,3.000000,14
805,70,30.599105,109472,15.885382894,15.888500000,3.117106,0,1050.257266,3.000000,14
806,70,31.343708,109472,15.907639823,15.911000000,3.360177,0,1050.257266,3.000000,14
807,70,30.743559,109472,15.926062328,15.932000000,5.937672,0,1050.257266,3.000000,14
808,70,30.381116,109472,15.944955098,15.948500000,3.544902,0,1050.257266,3.000000,14
809,70,30.499571,109472,15.965459389,15.974000000,8.540611,0,1050.257266,3.000000,14
810,70,31.071550,109472,15.985316811,15.989000000,3.683189,0,1050.257266,3.000000,14
811,70,32.590645,109472,16.004545165,16.008500000,3.954835,0,1050.257266,3.000000,14
812,70,31.984381,109472,16.024107371,16.030000000,5.892629,0,1050.257266,3.000000,14
813,70,31.358020,109472,16.043235445,16.047000000,3.764555,0,1050.257266,3.000000,14
814,70,31.871989,109472,16.063503537,16.067500000,3.996463,0,1050.257266,3.000000,14
815,70,32.013587,109472,16.085684739,16.092500000,6.815261,0,1050.257266,3.000000,14
816,70,30.839898,109472,16.106586201,16.113000000,6.413799,0,1050.257266,3.000000,14
817,70,29.935331,109472,16.128528008,16.138500000,9.971992,0,1050.257266,3.000000,13
818,70,29.590322,109472,16.148790784,16.152500000,3.709216,0,1050.257266,3.000000,13
819,70,29.335233,109472,16.169064958,16.173000000,3.935042,0,1050.257266,3.000000,13
820,70,28.543043,109472,16.189196078,16.193000000,3.803922,0,1050.257266,3.000000,13
821,70,29.536842,109472,16.209403331,16.213000000,3.596669,0,1050.257266,3.000000,13
822,70,30.359963,109472,16.227648988,16.231000000,3.351012,0,1050.257266,3.000000,15
823,70,30.385759,109472,16.247801725,16.251000000,3.198275,0,1050.257266,3.000000,15
824,70,29.891531,109472,16.267694500,16.271000000,3.305500,0,1050.257266,3.000000,15
825,70,30.593821,109472,16.286461533,16.289500000,3.038467,0,1050.257266,3.000000,15
826,70,31.270619,109472,16.307903905,16.313000000,5.096095,0,1050.257266,3.000000,15
827,70,32.705589,109472,16.328883448,16.334000000,5.116552,0,1050.257266,3.000000,14
828,70,31.981927,109472,16.347824810,16.351500000,3.675190,0,1050.257266,3.000000,14
829,70,34.186677,109472,16.368014081,16.372000000,3.985919,0,1050.257266,3.000000,14
830,70,34.642270,109472,16.387598215,16.391500000,3.901785,0,1050.257266,3.000000,14
831,70,35.195869,109472,16.406857010,16.410500000,3.642990,0,1050.257266,3.000000,14
832,70,34.638501,109472,16.426352714,16.435000000,8.647286,0,1050.257266,3.000000,14
833,70,34.132339,109472,16.446449985,16.450000000,3.550015,0,1050.257266,3.000000,14
834,70,34.429885,109472,16.467341649,16.471000000,3.658351,0,1050.257266,3.000000,14
835,70,34.881056,109472,16.487259230,16.491000000,3.740770,0,1050.257266,3.000000,14
836,70,34.542124,109472,16.506569312,16.510500000,3.930688,0,1050.257266,3.000000,14
837,70,35.200806,109472,16.525670333,16.534500000,8.829667,0,1050.257266,3.000000,14
838,70,34.833609,109472,16.547043696,16.551000000,3.956304,0,1050.257266,3.000000,14
839,70,36.416230,109472,16.566066212,16.570000000,3.933788,0,1050.257266,3.000000,14
840,70,37.395484,109472,16.584384798,16.588000000,3.615202,0,1050.257266,3.000000,14
841,70,40.615805,109472,16.605490800,16.612000000,6.509200,0,1050.257266,3.000000,14
842,70,41.675986,109472,16.625335906,16.631000000,5.664094,0,1050.257266,3.000000,14
843,70,42.477021,109472,16.643924729,16.647500000,3.575271,0,1050.257266,3.000000,14
844,70,41.224198,109472,16.666242774,16.670000000,3.757226,0,1050.257266,3.000000,14
845,70,42.824769,109472,16.686319480,16.690000000,3.680520,0,1050.257266,3.000000,14
846,70,41.122886,109472,16.705494536,16.709500000,4.005464,0,1050.257266,3.000000,14
847,70,41.722466,109472,16.724108897,16.732500000,8.391103,0,1050.257266,3.000000,14
848,70,40.990877,109472,16.747117877,16.753000000,5.882123,0,1050.257266,3.000000,14
849,70,41.787596,109472,16.769283425,16.773500000,4.216575,0,1050.257266,3.000000,14
850,70,43.983025,109472,16.787949452,16.794000000,6.050548,0,1050.257266,3.000000,14
851,70,45.150673,109472,16.809395819,16.816500000,7.104181,0,1050.257266,3.000000,12
852,70,45.239644,109472,16.827718202,16.832000000,4.281798,0,1050.257266,3.000000,13
853,70,47.093186,109472,16.848738765,16.855500000,6.761235,0,1050.257266,3.000000,13
854,70,46.049377,109472,16.868499728,16.874000000,5.500272,0,1050.257266,3.000000,13
855,70,47.762920,109472,16.887446315,16.897500000,10.053685,0,1050.257266,3.000000,13
856,70,47.465224,109472,16.908210721,16.914000000,5.789279,0,1050.257266,3.000000,13
857,70,48.825669,109472,16.926643297,16.932500000,5.856703,0,1050.257266,3.000000,14
858,70,47.972759,109472,16.948053195,16.954000000,5.946805,0,1050.257266,3.000000,14
859,70,49.202356,109472,16.966721283,16.970000000,3.278717,0,1050.257266,3.000000,14
860,70,47.548958,109472,16.985103059,16.988500000,3.396941,0,1050.257266,3.000000,14
861,70,47.958725,109472,17.004700836,17.008000000,3.299164,0,1050.257266,3.000000,14
862,70,45.914591,109472,17.023162380,17.029000000,5.837620,0,1050.257266,3.000000,14
863,70,47.879007,109472,17.044472688,17.051000000,6.527312,0,1050.257266,3.000000,14
864,70,46.909338,109472,17.062781907,17.066000000,3.218093,0,1050.257266,3.000000,14
865,70,47.612090,109472,17.082915808,17.086000000,3.084192,0,1050.257266,3.000000,14
866,70,46.381205,109472,17.103041612,17.106500000,3.458388,0,1050.257266,3.000000,14
867,70,48.475876,109472,17.123519204,17.129500000,5.980796,0,1050.257266,3.000000,15
868,70,46.024436,109472,17.142348240,17.145500000,3.151760,0,1050.257266,3.000000,15
869,70,47.824167,109472,17.161154637,17.164500000,3.345363,0,1050.257266,3.000000,15
870,70,47.165082,109472,17.181644933,17.185000000,3.355067,0,1050.257266,3.000000,15
871,70,48.860346,109472,17.200013635,17.203500000,3.486365,0,1050.257266,3.000000,15
872,70,46.604829,109472,17.220856517,17.226000000,5.143483,0,1050.257266,3.000000,15
873,70,47.369769,109472,17.241028465,17.244500000,3.471535,0,1050.257266,3.000000,15
874,70,48.137328,109472,17.259368851,17.262500000,3.131149,0,1050.257266,3.000000,15
875,70,48.859525,109472,17.280363250,17.283500000,3.136750,0,1050.257266,3.000000,15
876,70,47.196154,109472,17.301052877,17.307500000,6.447123,0,1050.257266,3.000000,15
877,70,48.522420,109472,17.322111489,17.325500000,3.388511,0,1050.257266,3.000000,14
878,70,48.376181,109472,17.343948575,17.347000000,3.051425,0,1050.257266,3.000000,15
879,70,48.882598,109472,17.362520630,17.366000000,3.479370,0,1050.257266,3.000000,15
880,70,46.951330,109472,17.381582898,17.385000000,3.417102,0,1050.257266,3.000000,15
881,70,48.686104,109472,17.402539840,17.406000000,3.460160,0,1050.257266,3.000000,15
882,70,47.060470,109472,17.423485698,17.429000000,5.514302,0,1050.257266,3.000000,15
883,70,49.834192,109472,17.444237034,17.447500000,3.262966,0,1050.257266,3.000000,15
884,70,47.861778,109472,17.464328078,17.467500000,3.171922,0,1050.257266,3.000000,15
885,70,48.167313,109472,17.482951399,17.486000000,3.048601,0,1050.257266,3.000000,15
886,70,48.477562,109472,17.504677179,17.508000000,3.322821,0,1050.257266,3.000000,15
887,70,50.887850,109472,17.526605445,17.532500000,5.894555,0,1050.257266,3.000000,14
888,70,48.926320,109472,17.545599681,17.549000000,3.400319,0,1050.257266,3.000000,14
889,70,48.790685,109472,17.564044847,17.567500000,3.455153,0,1050.257266,3.000000,14
890,70,48.538522,109472,17.583695238,17.587000000,3.304762,0,1050.257266,3.000000,14
891,70,51.160571,109472,17.605772022,17.609000000,3.227978,0,1050.257266,3.000000,14
892,70,48.648437,109472,17.626319506,17.630000000,3.680494,0,1050.257266,3.000000,14
893,70,48.386117,109472,17.646285438,17.649500000,3.214562,0,1050.257266,3.000000,14
894,70,47.500595,109472,17.664766703,17.668000000,3.233297,0,1050.257266,3.000000,14
895,70,48.550818,109472,17.685320818,17.688500000,3.179182,0,1050.257266,3.000000,14
896,70,45.250468,109472,17.706835248,17.710000000,3.164752,0,1050.257266,3.000000,14
897,70,45.661856,109472,17.725909744,17.731000000,5.090256,0,1050.257266,3.000000,14
898,70,45.264427,109472,17.746159146,17.749500000,3.340854,0,1050.257266,3.000000,14
899,70,47.685341,109472,17.764921812,17.768000000,3.078188,0,1050.257266,3.000000,14
900,70,48.002579,109472,17.784523780,17.788000000,3.476220,0,1050.257266,3.000000,14
901,70,46.542461,109472,17.802795888,17.806000000,3.204112,0,1050.257266,3.000000,14
902,70,45.148085,109472,17.821584754,17.825000000,3.415246,0,1050.257266,3.000000,14
903,70,45.657298,109472,17.840830548,17.844000000,3.169452,0,1050.257266,3.000000,14
904,70,45.086046,109472,17.859242945,17.862500000,3.257055,0,1050.257266,3.000000,14
905,70,45.578936,109472,17.877777937,17.881000000,3.222063,0,1050.257266,3.000000,14
906,70,43.008393,109472,17.899129021,17.902500000,3.370979,0,1050.257266,3.000000,14
907,70,42.954362,109472,17.920114742,17.927000000,6.885258,0,1050.257266,3.000000,14
908,70,42.142413,109472,17.940241106,17.943500000,3.258894,0,1050.257266,3.000000,14
909,70,42.750494,109472,17.959514710,17.963000000,3.485290,0,1050.257266,3.000000,14
910,70,43.118335,109472,17.979660304,17.984000000,4.339696,0,1050.257266,3.000000,14
911,70,45.763226,109472,17.999402083,18.002500000,3.097917,0,1050.257266,3.000000,14
912,70,44.045945,109472,18.018468954,18.026500000,8.031046,0,1050.257266,3.000000,14
913,70,45.909974,109472,18.037753201,18.041000000,3.246799,0,1050.257266,3.000000,14
914,70,44.925532,109472,18.059103519,18.062500000,3.396481,0,1050.257266,3.000000,14
915,70,48.080900,109472,18.079628185,18.083000000,3.371815,0,1050.257266,3.000000,14
916,70,45.505746,109472,18.099289714,18.105500000,6.210286,0,1050.257266,3.000000,14
917,70,45.460104,109472,18.117789844,18.124000000,6.210156,0,1050.257266,3.000000,14
918,70,42.892730,109472,18.140016685,18.144000000,3.983315,0,1050.257266,3.000000,14
919,70,46.046130,109472,18.158928158,18.162500000,3.571842,0,1050.257266,3.000000,14
920,70,43.912412,109472,18.178609303,18.182500000,3.890697,0,1050.257266,3.000000,14
921,70,45.045821,109472,18.199041467,18.203000000,3.958533,0,1050.257266,3.000000,14
923,70,47.397541,109472,18.239249960,18.302000000,62.750040,0,1050.257266,3.000000,14
924,70,44.601059,109472,18.259286629,18.302000000,42.713371,0,1050.257266,3.000000,14
925,70,47.232751,109472,18.278088481,18.302000000,23.911519,0,1050.257266,3.000000,14
926,70,46.748296,109472,18.298174515,18.302000000,3.825485,0,1050.257266,3.000000,14
927,70,48.564802,109472,18.318960834,18.325000000,6.039166,0,1050.257266,3.000000,14
928,70,47.565035,109472,18.337869645,18.341000000,3.130355,0,1050.257266,3.000000,14
929,70,47.989734,109472,18.358281874,18.366500000,8.218126,0,1050.257266,3.000000,14
930,70,47.809210,109472,18.379263720,18.383000000,3.736280,0,1050.257266,3.000000,14
931,70,51.650627,109472,18.399451140,18.402500000,3.048860,0,1050.257266,3.000000,14
933,70,51.662611,109472,18.436878576,18.518500000,81.621424,0,1050.257266,3.000000,14
934,70,50.305257,109472,18.455603865,18.518500000,62.896135,0,1050.257266,3.000000,14
935,70,52.055123,109472,18.476449623,18.518500000,42.050377,0,1050.257266,3.000000,14
936,70,50.116610,109472,18.496111735,18.518500000,22.388265,0,1050.257266,3.000000,14
937,70,50.034481,109472,18.515358127,18.521500000,6.141873,0,1050.257266,3.000000,14
938,70,49.864690,109472,18.536056624,18.539500000,3.443376,0,1050.257266,3.000000,14
939,70,52.361798,109472,18.555462608,18.559500000,4.037392,0,1050.257266,3.000000,14
940,70,51.494870,109472,18.577109717,18.580500000,3.390283,0,1050.257266,3.000000,14
941,70,52.594537,109472,18.596768036,18.600000000,3.231964,0,1050.257266,3.000000,14
942,70,51.950765,109472,18.617964542,18.621500000,3.535458,0,1050.257266,3.000000,14
943,70,52.644704,109472,18.636871344,18.640000000,3.128656,0,1050.257266,3.000000,14
944,70,49.925824,109472,18.656085999,18.659500000,3.414001,0,1050.257266,3.000000,14
945,70,51.225098,109472,18.676559253,18.680000000,3.440747,0,1050.257266,3.000000,14
946,70,52.528949,109472,18.695539903,18.699000000,3.460097,0,1050.257266,3.000000,14
948,70,52.924404,109472,18.734587831,18.816000000,81.412169,0,1050.257266,3.000000,14
949,70,55.105084,109472,18.754930731,18.816000000,61.069269,0,1050.257266,3.000000,14
950,70,54.697324,109472,18.774307178,18.816000000,41.692822,0,1050.257266,3.000000,14
951,70,57.835986,109472,18.793963529,18.816000000,22.036471,0,1050.257266,3.000000,14
952,70,56.670870,109472,18.812742630,18.826500000,13.757370,0,1050.257266,3.000000,14
953,70,55.964524,109472,18.831659315,18.835000000,3.340685,0,1050.257266,3.000000,14
954,70,56.117578,109472,18.850825654,18.854000000,3.174346,0,1050.257266,3.000000,14
955,70,57.635554,109472,18.871769906,18.875000000,3.230094,0,1050.257266,3.000000,14
956,70,53.037197,109472,18.891553530,18.897500000,5.946470,0,1050.257266,3.000000,14
957,70,54.357938,109472,18.913084281,18.925500000,12.415719,0,1050.257266,3.000000,14
958,70,55.271873,109472,18.934390991,18.937500000,3.109009,0,1050.257266,3.000000,14
959,70,56.266905,109472,18.953512784,18.957000000,3.487216,0,1050.257266,3.000000,14
960,70,54.495552,109472,18.971876904,18.975000000,3.123096,0,1050.257266,3.000000,14
961,70,52.760898,109472,18.990487245,18.994000000,3.512755,0,1050.257266,3.000000,14
962,70,52.057292,109472,19.009313101,19.012500000,3.186899,0,1050.257266,3.000000,14
963,70,52.523634,109472,19.028102882,19.034000000,5.897118,0,1050.257266,3.000000,14
964,70,50.546674,109472,19.048932806,19.052000000,3.067194,0,1050.257266,3.000000,14
965,70,51.031704,109472,19.068084018,19.071500000,3.415982,0,1050.257266,3.000000,14
966,70,49.261878,109472,19.090810522,19.094000000,3.189478,0,1050.257266,3.000000,14
967,70,51.734437,109472,19.109110959,19.112500000,3.389041,0,1050.257266,3.000000,14
968,70,49.512976,109472,19.131112178,19.140500000,9.387822,0,1050.257266,3.000000,14
969,70,49.758276,109472,19.149547596,19.156000000,6.452404,0,1050.257266,3.000000,14
970,70,52.732851,109472,19.171673969,19.175000000,3.326031,0,1050.257266,3.000000,14
971,70,52.711843,109472,19.190573519,19.194000000,3.426481,0,1050.257266,3.000000,14
972,70,52.897493,109472,19.211333284,19.223000000,11.666716,0,1050.257266,3.000000,14
973,70,54.394904,109472,19.230949036,19.234000000,3.050964,0,1050.257266,3.000000,14
974,70,52.368722,109472,19.252959685,19.258000000,5.040315,0,1050.257266,3.000000,14
975,70,55.033909,109472,19.275485995,19.279000000,3.514005,0,1050.257266,3.000000,14
976,70,53.337681,109472,19.293968114,19.297500000,3.531886,0,1050.257266,3.000000,14
978,70,53.851429,109472,19.333435203,19.393000000,59.564797,0,1050.257266,3.000000,14
979,70,56.322970,109472,19.353408490,19.393000000,39.591510,0,1050.257266,3.000000,14
980,70,52.982703,109472,19.371779931,19.393000000,21.220069,0,1050.257266,3.000000,14
981,70,56.213763,109472,19.390094151,19.394000000,3.905849,0,1050.257266,3.000000,14
982,70,55.998993,109472,19.411834575,19.417000000,5.165425,0,1050.257266,3.000000,14
983,70,57.785097,109472,19.430986156,19.435000000,4.013844,0,1050.257266,3.000000,14
984,70,54.777588,109472,19.451178272,19.455000000,3.821728,0,1050.257266,3.000000,14
985,70,56.252975,109472,19.471836692,19.475500000,3.663308,0,1050.257266,3.000000,14
986,70,58.963547,109472,19.490799898,19.494500000,3.700102,0,1050.257266,3.000000,14
987,70,55.865892,109472,19.509675139,19.516000000,6.324861,0,1050.257266,3.000000,14
988,70,55.928654,109472,19.530264327,19.533500000,3.235673,0,1050.257266,3.000000,14
989,70,57.011461,109472,19.551863561,19.555000000,3.136439,0,1050.257266,3.000000,14
990,70,60.457511,109472,19.572678853,19.576000000,3.321147,0,1050.257266,3.000000,14
991,70,63.834665,109472,19.593148440,19.596500000,3.351560,0,1050.257266,3.000000,14
992,70,62.960843,109472,19.611778783,19.617500000,5.721217,0,1050.257266,3.000000,14
993,70,63.319358,109472,19.630638671,19.634000000,3.361329,0,1050.257266,3.000000,14
994,70,60.370248,109472,19.649534933,19.653000000,3.465067,0,1050.257266,3.000000,14
995,70,62.316819,109472,19.669166123,19.672500000,3.333877,0,1050.257266,3.000000,14
996,70,60.963349,109472,19.687512147,19.691000000,3.487853,0,1050.257266,3.000000,14
997,70,61.614729,109472,19.706274126,19.709500000,3.225874,0,1050.257266,3.000000,14
998,70,59.540523,109472,19.724852804,19.730500000,5.647196,0,1050.257266,3.000000,14
999,70,62.104848,109472,19.743168016,19.746500000,3.331984,0,1050.257266,3.000000,14
1000,70,58.082283,109472,19.761398326,19.764500000,3.101674,0,1050.257266,3.000000,14
26,0,0,0,0,0,-1,0,1050.257266,3.000000,0
27,0,0,0,0,0,-1,0,1050.257266,3.000000,0
28,0,0,0,0,0,-1,0,1050.257266,3.000000,0
29,0,0,0,0,0,-1,0,1050.257266,3.000000,0
30,0,0,0,0,0,-1,0,1050.257266,3.000000,0
31,0,0,0,0,0,-1,0,1050.257266,3.000000,0
32,0,0,0,0,0,-1,0,1050.257266,3.000000,0
33,0,0,0,0,0,-1,0,1050.257266,3.000000,0
34,0,0,0,0,0,-1,0,1050.257266,3.000000,0
35,0,0,0,0,0,-1,0,1050.257266,3.000000,0
36,0,0,0,0,0,-1,0,1050.257266,3.000000,0
37,0,0,0,0,0,-1,0,1050.257266,3.000000,0
38,0,0,0,0,0,-1,0,1050.257266,3.000000,0
39,0,0,0,0,0,-1,0,1050.257266,3.000000,0
40,0,0,0,0,0,-1,0,1050.257266,3.000000,0
43,0,0,0,0,0,-1,0,1050.257266,3.000000,0
44,0,0,0,0,0,-1,0,1050.257266,3.000000,0
46,0,0,0,0,0,-1,0,1050.257266,3.000000,0
47,0,0,0,0,0,-1,0,1050.257266,3.000000,0
48,0,0,0,0,0,-1,0,1050.257266,3.000000,0
49,0,0,0,0,0,-1,0,1050.257266,3.000000,0
50,0,0,0,0,0,-1,0,1050.257266,3.000000,0
101,0,0,0,0,0,-1,0,1050.257266,3.000000,0
106,0,0,0,0,0,-1,0,1050.257266,3.000000,0
178,0,0,0,0,0,-1,0,1050.257266,3.000000,0
179,0,0,0,0,0,-1,0,1050.257266,3.000000,0
180,0,0,0,0,0,-1,0,1050.257266,3.000000,0
181,0,0,0,0,0,-1,0,1050.257266,3.000000,0
182,0,0,0,0,0,-1,0,1050.257266,3.000000,0
183,0,0,0,0,0,-1,0,1050.257266,3.000000,0
184,0,0,0,0,0,-1,0,1050.257266,3.000000,0
185,0,0,0,0,0,-1,0,1050.257266,3.000000,0
186,0,0,0,0,0,-1,0,1050.257266,3.000000,0
187,0,0,0,0,0,-1,0,1050.257266,3.000000,0
188,0,0,0,0,0,-1,0,1050.257266,3.000000,0
189,0,0,0,0,0,-1,0,1050.257266,3.000000,0
190,0,0,0,0,0,-1,0,1050.257266,3.000000,0
191,0,0,0,0,0,-1,0,1050.257266,3.000000,0
192,0,0,0,0,0,-1,0,1050.257266,3.000000,0
193,0,0,0,0,0,-1,0,1050.257266,3.000000,0
194,0,0,0,0,0,-1,0,1050.257266,3.000000,0
195,0,0,0,0,0,-1,0,1050.257266,3.000000,0
196,0,0,0,0,0,-1,0,1050.257266,3.000000,0
197,0,0,0,0,0,-1,0,1050.257266,3.000000,0
198,0,0,0,0,0,-1,0,1050.257266,3.000000,0
199,0,0,0,0,0,-1,0,1050.257266,3.000000,0
200,0,0,0,0,0,-1,0,1050.257266,3.000000,0
201,0,0,0,0,0,-1,0,1050.257266,3.000000,0
202,0,0,0,0,0,-1,0,1050.257266,3.000000,0
203,0,0,0,0,0,-1,0,1050.257266,3.000000,0
204,0,0,0,0,0,-1,0,1050.257266,3.000000,0
205,0,0,0,0,0,-1,0,1050.257266,3.000000,0
206,0,0,0,0,0,-1,0,1050.257266,3.000000,0
207,0,0,0,0,0,-1,0,1050.257266,3.000000,0
232,0,0,0,0,0,-1,0,1050.257266,3.000000,0
233,0,0,0,0,0,-1,0,1050.257266,3.000000,0
234,0,0,0,0,0,-1,0,1050.257266,3.000000,0
235,0,0,0,0,0,-1,0,1050.257266,3.000000,0
236,0,0,0,0,0,-1,0,1050.257266,3.000000,0
237,0,0,0,0,0,-1,0,1050.257266,3.000000,0
238,0,0,0,0,0,-1,0,1050.257266,3.000000,0
239,0,0,0,0,0,-1,0,1050.257266,3.000000,0
244,0,0,0,0,0,-1,0,1050.257266,3.000000,0
245,0,0,0,0,0,-1,0,1050.257266,3.000000,0
249,0,0,0,0,0,-1,0,1050.257266,3.000000,0
250,0,0,0,0,0,-1,0,1050.257266,3.000000,0
251,0,0,0,0,0,-1,0,1050.257266,3.000000,0
252,0,0,0,0,0,-1,0,1050.257266,3.000000,0
253,0,0,0,0,0,-1,0,1050.257266,3.000000,0
254,0,0,0,0,0,-1,0,1050.257266,3.000000,0
255,0,0,0,0,0,-1,0,1050.257266,3.000000,0
256,0,0,0,0,0,-1,0,1050.257266,3.000000,0
257,0,0,0,0,0,-1,0,1050.257266,3.000000,0
258,0,0,0,0,0,-1,0,1050.257266,3.000000,0
259,0,0,0,0,0,-1,0,1050.257266,3.000000,0
261,0,0,0,0,0,-1,0,1050.257266,3.000000,0
266,0,0,0,0,0,-1,0,1050.257266,3.000000,0
267,0,0,0,0,0,-1,0,1050.257266,3.000000,0
268,0,0,0,0,0,-1,0,1050.257266,3.000000,0
269,0,0,0,0,0,-1,0,1050.257266,3.000000,0
270,0,0,0,0,0,-1,0,1050.257266,3.000000,0
271,0,0,0,0,0,-1,0,1050.257266,3.000000,0
272,0,0,0,0,0,-1,0,1050.257266,3.000000,0
273,0,0,0,0,0,-1,0,1050.257266,3.000000,0
274,0,0,0,0,0,-1,0,1050.257266,3.000000,0
275,0,0,0,0,0,-1,0,1050.257266,3.000000,0
276,0,0,0,0,0,-1,0,1050.257266,3.000000,0
277,0,0,0,0,0,-1,0,1050.257266,3.000000,0
278,0,0,0,0,0,-1,0,1050.257266,3.000000,0
279,0,0,0,0,0,-1,0,1050.257266,3.000000,0
280,0,0,0,0,0,-1,0,1050.257266,3.000000,0
281,0,0,0,0,0,-1,0,1050.257266,3.000000,0
282,0,0,0,0,0,-1,0,1050.257266,3.000000,0
283,0,0,0,0,0,-1,0,1050.257266,3.000000,0
284,0,0,0,0,0,-1,0,1050.257266,3.000000,0
285,0,0,0,0,0,-1,0,1050.257266,3.000000,0
286,0,0,0,0,0,-1,0,1050.257266,3.000000,0
287,0,0,0,0,0,-1,0,1050.257266,3.000000,0
288,0,0,0,0,0,-1,0,1050.257266,3.000000,0
289,0,0,0,0,0,-1,0,1050.257266,3.000000,0
290,0,0,0,0,0,-1,0,1050.257266,3.000000,0
291,0,0,0,0,0,-1,0,1050.257266,3.000000,0
310,0,0,0,0,0,-1,0,1050.257266,3.000000,0
318,0,0,0,0,0,-1,0,1050.257266,3.000000,0
321,0,0,0,0,0,-1,0,1050.257266,3.000000,0
360,0,0,0,0,0,-1,0,1050.257266,3.000000,0
361,0,0,0,0,0,-1,0,1050.257266,3.000000,0
362,0,0,0,0,0,-1,0,1050.257266,3.000000,0
363,0,0,0,0,0,-1,0,1050.257266,3.000000,0
364,0,0,0,0,0,-1,0,1050.257266,3.000000,0
365,0,0,0,0,0,-1,0,1050.257266,3.000000,0
366,0,0,0,0,0,-1,0,1050.257266,3.000000,0
367,0,0,0,0,0,-1,0,1050.257266,3.000000,0
371,0,0,0,0,0,-1,0,1050.257266,3.000000,0
383,0,0,0,0,0,-1,0,1050.257266,3.000000,0
386,0,0,0,0,0,-1,0,1050.257266,3.000000,0
387,0,0,0,0,0,-1,0,1050.257266,3.000000,0
388,0,0,0,0,0,-1,0,1050.257266,3.000000,0
389,0,0,0,0,0,-1,0,1050.257266,3.000000,0
390,0,0,0,0,0,-1,0,1050.257266,3.000000,0
391,0,0,0,0,0,-1,0,1050.257266,3.000000,0
392,0,0,0,0,0,-1,0,1050.257266,3.000000,0
393,0,0,0,0,0,-1,0,1050.257266,3.000000,0
394,0,0,0,0,0,-1,0,1050.257266,3.000000,0
395,0,0,0,0,0,-1,0,1050.257266,3.000000,0
396,0,0,0,0,0,-1,0,1050.257266,3.000000,0
397,0,0,0,0,0,-1,0,1050.257266,3.000000,0
398,0,0,0,0,0,-1,0,1050.257266,3.000000,0
399,0,0,0,0,0,-1,0,1050.257266,3.000000,0
400,0,0,0,0,0,-1,0,1050.257266,3.000000,0
401,0,0,0,0,0,-1,0,1050.257266,3.000000,0
402,0,0,0,0,0,-1,0,1050.257266,3.000000,0
403,0,0,0,0,0,-1,0,1050.257266,3.000000,0
404,0,0,0,0,0,-1,0,1050.257266,3.000000,0
405,0,0,0,0,0,-1,0,1050.257266,3.000000,0
406,0,0,0,0,0,-1,0,1050.257266,3.000000,0
407,0,0,0,0,0,-1,0,1050.257266,3.000000,0
408,0,0,0,0,0,-1,0,1050.257266,3.000000,0
409,0,0,0,0,0,-1,0,1050.257266,3.000000,0
410,0,0,0,0,0,-1,0,1050.257266,3.000000,0
411,0,0,0,0,0,-1,0,1050.257266,3.000000,0
412,0,0,0,0,0,-1,0,1050.257266,3.000000,0
413,0,0,0,0,0,-1,0,1050.257266,3.000000,0
414,0,0,0,0,0,-1,0,1050.257266,3.000000,0
415,0,0,0,0,0,-1,0,1050.257266,3.000000,0
416,0,0,0,0,0,-1,0,1050.257266,3.000000,0
417,0,0,0,0,0,-1,0,1050.257266,3.000000,0
418,0,0,0,0,0,-1,0,1050.257266,3.000000,0
419,0,0,0,0,0,-1,0,1050.257266,3.000000,0
420,0,0,0,0,0,-1,0,1050.257266,3.000000,0
421,0,0,0,0,0,-1,0,1050.257266,3.000000,0
422,0,0,0,0,0,-1,0,1050.257266,3.000000,0
423,0,0,0,0,0,-1,0,1050.257266,3.000000,0
424,0,0,0,0,0,-1,0,1050.257266,3.000000,0
425,0,0,0,0,0,-1,0,1050.257266,3.000000,0
426,0,0,0,0,0,-1,0,1050.257266,3.000000,0
427,0,0,0,0,0,-1,0,1050.257266,3.000000,0
428,0,0,0,0,0,-1,0,1050.257266,3.000000,0
429,0,0,0,0,0,-1,0,1050.257266,3.000000,0
430,0,0,0,0,0,-1,0,1050.257266,3.000000,0
431,0,0,0,0,0,-1,0,1050.257266,3.000000,0
432,0,0,0,0,0,-1,0,1050.257266,3.000000,0
433,0,0,0,0,0,-1,0,1050.257266,3.000000,0
434,0,0,0,0,0,-1,0,1050.257266,3.000000,0
435,0,0,0,0,0,-1,0,1050.257266,3.000000,0
436,0,0,0,0,0,-1,0,1050.257266,3.000000,0
437,0,0,0,0,0,-1,0,1050.257266,3.000000,0
438,0,0,0,0,0,-1,0,1050.257266,3.000000,0
439,0,0,0,0,0,-1,0,1050.257266,3.000000,0
440,0,0,0,0,0,-1,0,1050.257266,3.000000,0
441,0,0,0,0,0,-1,0,1050.257266,3.000000,0
442,0,0,0,0,0,-1,0,1050.257266,3.000000,0
443,0,0,0,0,0,-1,0,1050.257266,3.000000,0
444,0,0,0,0,0,-1,0,1050.257266,3.000000,0
445,0,0,0,0,0,-1,0,1050.257266,3.000000,0
446,0,0,0,0,0,-1,0,1050.257266,3.000000,0
447,0,0,0,0,0,-1,0,1050.257266,3.000000,0
448,0,0,0,0,0,-1,0,1050.257266,3.000000,0
449,0,0,0,0,0,-1,0,1050.257266,3.000000,0
450,0,0,0,0,0,-1,0,1050.257266,3.000000,0
451,0,0,0,0,0,-1,0,1050.257266,3.000000,0
452,0,0,0,0,0,-1,0,1050.257266,3.000000,0
453,0,0,0,0,0,-1,0,1050.257266,3.000000,0
454,0,0,0,0,0,-1,0,1050.257266,3.000000,0
455,0,0,0,0,0,-1,0,1050.257266,3.000000,0
456,0,0,0,0,0,-1,0,1050.257266,3.000000,0
477,0,0,0,0,0,-1,0,1050.257266,3.000000,0
539,0,0,0,0,0,-1,0,1050.257266,3.000000,0
610,0,0,0,0,0,-1,0,1050.257266,3.000000,0
630,0,0,0,0,0,-1,0,1050.257266,3.000000,0
680,0,0,0,0,0,-1,0,1050.257266,3.000000,0
922,0,0,0,0,0,-1,0,1050.257266,3.000000,0
932,0,0,0,0,0,-1,0,1050.257266,3.000000,0
